B	27.60	99361
R	36.30	27.60
2121
B	27.60	99358
R	36.30	27.60
2636
B	27.60	99355
R	36.30	27.60
3151
B	27.60	99361
R	36.30	27.60
3667
B	27.60	99367
R	37.60	27.60
4204
B	27.60	99367
R	37.60	27.60
4719
B	27.60	99358
R	37.60	27.60
5234
B	27.60	99358
R	37.60	27.60
5749
B	27.60	99358
R	37.70	27.60
6287
B	27.60	99361
R	37.70	27.60
6802
B	27.60	99367
R	37.70	27.60
7317
B	27.60	99364
R	37.70	27.60
7832
B	27.60	99370
R	37.60	27.60
8369
B	27.60	99367
R	37.60	27.60
8885
B	27.60	99361
R	37.60	27.60
9411
B	27.60	99370
R	37.60	27.60
9927
B	27.60	99358
R	37.60	27.60
10464
B	27.60	99364
R	37.60	27.60
10979
B	27.60	99367
R	37.60	27.60
11494
B	27.60	99364
R	37.60	27.60
12010
