B	27.20	98573
R	36.30	27.60
599064
B	27.20	98568
R	36.30	27.60
1114500
B	27.20	98571
R	36.30	27.60
1629988
B	27.20	98565
R	36.30	27.60
2145488
B	27.20	98591
R	37.30	27.60
2681288
B	27.20	98576
R	37.30	27.60
3196760
B	27.20	98571
R	37.30	27.60
3712248
B	27.20	98576
R	37.30	27.60
4227724
B	27.20	98571
R	37.10	27.60
4764504
B	27.20	98576
R	37.10	27.60
5279984
B	27.20	98571
R	37.10	27.60
5795464
B	27.20	98576
R	37.10	27.60
6310960
B	27.20	98571
R	37.00	27.60
6847636
B	27.20	98568
R	37.00	27.60
7366188
B	27.20	98571
R	37.00	27.60
7881656
B	27.20	98571
R	37.00	27.60
8397132
B	27.20	98568
R	37.20	27.60
8932824
B	27.20	98565
R	37.20	27.60
9448304
B	27.20	98573
R	37.20	27.60
9963784
B	27.20	98576
R	37.20	27.60
10479268
B	27.20	98576
R	37.70	27.60
11016200
B	27.20	98576
R	37.70	27.60
11531720
B	27.20	98579
R	37.70	27.60
12047244
B	27.20	98582
R	37.70	27.60
12562772
B	27.20	98576
R	38.00	27.60
13098576
B	27.20	98579
R	38.00	27.60
13614092
B	27.20	98565
R	38.00	27.60
14132688
B	27.20	98571
R	38.00	27.60
14648192
B	27.20	98571
R	37.90	27.60
15185072
B	27.20	98576
R	37.90	27.60
15700584
B	27.20	98577
R	37.90	27.60
16216104
B	27.20	98576
R	37.90	27.60
16731620
B	27.20	98577
R	37.70	27.60
17268524
B	27.20	98576
R	37.70	27.60
17784052
B	27.20	98582
R	37.70	27.60
18299572
B	27.20	98571
R	37.70	27.60
18815112
B	27.20	98577
R	37.50	27.60
19351004
B	27.20	98577
R	37.50	27.60
19866520
B	27.20	98577
R	37.50	27.60
20382044
B	27.20	98582
R	37.50	27.60
20900640
B	27.20	98565
R	37.40	27.60
21437468
B	27.20	98577
R	37.40	27.60
21952984
B	27.20	98568
R	37.40	27.60
22468492
B	27.20	98571
R	37.40	27.60
22984016
B	27.20	98574
R	37.40	27.60
23519816
B	27.20	98580
R	37.40	27.60
24035340
B	27.20	98574
R	37.40	27.60
24550864
B	27.20	98568
R	37.40	27.60
25066384
B	27.20	98565
R	37.40	27.60
25603212
B	27.20	98577
R	37.40	27.60
26118724
B	27.20	98574
R	37.40	27.60
26634260
B	27.20	98574
R	37.40	27.60
27152828
B	27.20	98571
R	37.30	27.60
27689704
B	27.20	98571
R	37.30	27.60
28205232
B	27.20	98577
R	37.30	27.60
28720756
B	27.20	98580
R	37.30	27.60
29236288
B	27.20	98577
R	37.20	27.60
29773072
B	27.20	98571
R	37.20	27.60
30288584
B	27.20	98580
R	37.20	27.60
30804124
B	27.20	98568
R	37.20	27.60
31319632
B	27.20	98574
R	37.10	27.60
31856452
B	27.20	98574
R	37.10	27.60
32371976
B	27.20	98574
R	37.10	27.60
32887488
B	27.20	98571
R	37.10	27.60
33403028
B	27.20	98568
R	37.10	27.60
33941880
B	27.20	98571
R	37.10	27.60
34457396
B	27.20	98571
R	37.10	27.60
34972920
B	27.20	98571
R	37.10	27.60
35488440
B	27.20	98571
R	37.00	27.60
36025172
B	27.20	98571
R	37.00	27.60
36540696
B	27.20	98574
R	37.00	27.60
37056208
B	27.20	98577
R	37.00	27.60
37571736
B	27.20	98571
R	37.00	27.60
38108452
B	27.20	98580
R	37.00	27.60
38623976
B	27.10	98565
R	37.00	27.60
39139508
B	27.20	98571
R	37.00	27.60
39655020
B	27.20	98574
R	36.90	27.60
40191828
B	27.20	98580
R	36.90	27.60
40710432
B	27.20	98580
R	36.90	27.60
41225952
B	27.20	98574
R	36.90	27.60
41741480
B	27.20	98582
R	36.90	27.60
42277264
B	27.20	98577
R	36.90	27.60
42792776
B	27.20	98580
R	36.90	27.60
43308292
B	27.20	98577
R	36.90	27.60
43823808
B	27.20	98580
R	36.90	27.60
44360644
B	27.20	98577
R	36.90	27.60
44876164
B	27.20	98577
R	36.90	27.60
45391680
B	27.20	98580
R	36.90	27.60
45907204
B	27.20	98580
R	36.80	27.60
46442904
B	27.20	98574
R	36.80	27.60
46958412
B	27.20	98583
R	36.80	27.60
47476988
B	27.20	98585
R	36.80	27.60
47992500
B	27.20	98574
R	36.80	27.60
48529232
B	27.20	98580
R	36.80	27.60
49044760
B	27.20	98577
R	36.80	27.60
49560272
B	27.20	98580
R	36.80	27.60
50075804
B	27.20	98585
R	36.80	27.60
50612532
B	27.20	98577
R	36.80	27.60
51128048
B	27.20	98577
R	36.80	27.60
51643576
B	27.10	98577
R	36.80	27.60
52159092
B	27.10	98571
R	36.80	27.60
52695816
B	27.10	98562
R	36.80	27.60
53211356
B	27.10	98571
R	36.80	27.60
53726868
B	27.10	98574
R	36.80	27.60
54245488
B	27.10	98571
R	36.80	27.60
54782220
B	27.10	98565
R	36.80	27.60
55297748
B	27.20	98580
R	36.80	27.60
55813276
B	27.20	98585
R	36.80	27.60
56328792
B	27.10	98571
R	36.70	27.60
56865656
B	27.20	98583
R	36.70	27.60
57381184
B	27.10	98571
R	36.70	27.60
57896700
B	27.10	98565
R	36.70	27.60
58412248
B	27.10	98574
R	36.70	27.60
58948096
B	27.10	98574
R	36.70	27.60
59463616
B	27.10	98574
R	36.70	27.60
59979136
B	27.10	98568
R	36.70	27.60
60497708
B	27.10	98571
R	36.70	27.60
61034584
B	27.10	98571
R	36.70	27.60
61550100
B	27.10	98574
R	36.70	27.60
62065616
B	27.10	98577
R	36.70	27.60
62581136
B	27.10	98577
R	36.70	27.60
63118000
B	27.10	98571
R	36.70	27.60
63633544
B	27.10	98577
R	36.70	27.60
64149064
B	27.10	98571
R	36.70	27.60
64664592
B	27.10	98574
R	36.60	27.60
65201368
B	27.10	98580
R	36.60	27.60
65716876
B	27.10	98565
R	36.60	27.60
66232412
B	27.10	98571
R	36.60	27.60
66747932
B	27.10	98571
R	36.60	27.60
67287768
B	27.10	98574
R	36.60	27.60
67803300
B	27.10	98577
R	36.60	27.60
68318824
B	27.10	98571
R	36.60	27.60
68834356
B	27.10	98571
R	36.80	27.60
69371080
B	27.10	98577
R	36.80	27.60
69886600
B	27.20	98577
R	36.80	27.60
70402128
B	27.10	98574
R	36.80	27.60
70917656
B	27.10	98571
R	37.00	27.60
71454384
B	27.10	98574
R	37.00	27.60
71969916
B	27.10	98571
R	37.00	27.60
72485428
B	27.10	98568
R	37.00	27.60
73000956
B	27.10	98571
R	37.00	27.60
73537680
B	27.10	98559
R	37.00	27.60
74105672
B	27.10	98571
R	37.00	27.60
74621188
B	27.10	98559
R	37.00	27.60
75136700
B	27.10	98574
R	36.90	27.60
75673532
B	27.10	98574
R	36.90	27.60
76189052
B	27.20	98574
R	36.90	27.60
76704568
B	27.10	98571
R	36.90	27.60
77220088
B	27.10	98568
R	36.90	27.60
77755884
B	27.10	98571
R	36.90	27.60
78271412
B	27.10	98565
R	36.90	27.60
78786936
B	27.10	98571
R	36.90	27.60
79302452
B	27.10	98577
R	36.80	27.60
79839176
B	27.10	98571
R	36.80	27.60
80354696
B	27.10	98565
R	36.80	27.60
80873280
B	27.10	98571
R	36.80	27.60
81388800
B	27.10	98568
R	36.70	27.60
81924644
B	27.10	98574
R	36.70	27.60
82440180
B	27.10	98577
R	36.70	27.60
82955700
B	27.10	98577
R	36.70	27.60
83471212
B	27.10	98583
R	36.70	27.60
84008084
B	27.10	98568
R	36.70	27.60
84523600
B	27.10	98577
R	36.70	27.60
85039132
B	27.10	98583
R	36.70	27.60
85554648
B	27.10	98577
R	36.60	27.60
86091416
B	27.10	98583
R	36.60	27.60
86606952
B	27.10	98568
R	36.60	27.60
87122472
B	27.10	98568
R	36.60	27.60
87641092
B	27.10	98565
R	36.60	27.60
88177864
B	27.10	98571
R	36.60	27.60
88693384
B	27.10	98568
R	36.60	27.60
89208924
B	27.10	98574
R	36.60	27.60
89724448
B	27.10	98571
R	36.60	27.60
90261224
B	27.10	98571
R	36.60	27.60
90776760
B	27.10	98580
R	36.60	27.60
91292288
B	27.10	98577
R	36.60	27.60
91807816
B	27.10	98577
R	36.60	27.60
92344600
B	27.10	98580
R	36.60	27.60
92860132
B	27.10	98583
R	36.60	27.60
93375668
B	27.10	98577
R	36.60	27.60
93894260
B	27.10	98577
R	36.60	27.60
94431036
B	27.10	98577
R	36.60	27.60
94946560
B	27.10	98577
R	36.60	27.60
95462068
B	27.10	98577
R	36.60	27.60
95977612
B	27.10	98577
R	36.60	27.60
96514392
B	27.10	98577
R	36.60	27.60
97029920
B	27.10	98583
R	36.60	27.60
97545452
B	27.10	98580
R	36.60	27.60
98060980
B	27.10	98580
R	36.60	27.70
98597868
B	27.10	98583
R	36.60	27.70
99113384
B	27.10	98571
R	36.60	27.70
99628900
B	27.10	98583
R	36.60	27.70
100144432
